

A new test: 

arrSizeN  time , threadsPerblock_local = 1
1024     0.010816
2048     0.015232
4096     0.028672
8192     0.053536
16384     0.100096
32768     0.196608
65536     0.397376
131072     0.759488
262144     1.67021
524288     3.37837
1048576     6.67552
2097152     13.3334
4194304     26.6776
8388608     53.6085

A new test: 

arrSizeN  time , threadsPerblock_local = 2
1024     0.006144
2048     0.0104
4096     0.016384
8192     0.02896
16384     0.06208
32768     0.107616
65536     0.209952
131072     0.378816
262144     0.841216
524288     1.68432
1048576     3.35952
2097152     6.7031
4194304     13.409
8388608     26.8264

A new test: 

arrSizeN  time , threadsPerblock_local = 4
1024     0.004352
2048     0.00736
4096     0.00976
8192     0.015936
16384     0.0288
32768     0.055296
65536     0.108288
131072     0.193728
262144     0.427072
524288     0.851936
1048576     1.69469
2097152     3.38093
4194304     6.78749
8388608     13.5004

A new test: 

arrSizeN  time , threadsPerblock_local = 8
1024     0.00432
2048     0.004096
4096     0.00736
8192     0.00976
16384     0.015808
32768     0.028672
65536     0.055744
131072     0.102336
262144     0.234944
524288     0.454656
1048576     0.916064
2097152     1.82653
4194304     3.65664
8388608     7.27466

A new test: 

arrSizeN  time , threadsPerblock_local = 16
1024     0.004
2048     0.00416
4096     0.0048
8192     0.005792
16384     0.009248
32768     0.016384
65536     0.029152
131072     0.054752
262144     0.120352
524288     0.236256
1048576     0.470336
2097152     0.932192
4194304     1.85155
8388608     3.70026

A new test: 

arrSizeN  time , threadsPerblock_local = 32
1024     0.004032
2048     0.004096
4096     0.00528
8192     0.004416
16384     0.005056
32768     0.009088
65536     0.016
131072     0.028
262144     0.065664
524288     0.12672
1048576     0.247808
2097152     0.487488
4194304     0.969728
8388608     1.95549

A new test: 

arrSizeN  time , threadsPerblock_local = 64
1024     0.004
2048     0.004096
4096     0.005408
8192     0.004224
16384     0.004096
32768     0.006016
65536     0.009504
131072     0.01696
262144     0.039008
524288     0.071872
1048576     0.139168
2097152     0.270592
4194304     0.5368
8388608     1.06352

A new test: 

arrSizeN  time , threadsPerblock_local = 128
1024     0.004096
2048     0.004096
4096     0.003904
8192     0.005664
16384     0.004096
32768     0.005568
65536     0.008288
131072     0.015136
262144     0.038656
524288     0.07168
1048576     0.137632
2097152     0.269024
4194304     0.5312
8388608     1.05658

A new test: 

arrSizeN  time , threadsPerblock_local = 256
1024     0.004096
2048     0.003872
4096     0.004096
8192     0.004832
16384     0.004096
32768     0.004768
65536     0.008512
131072     0.015648
262144     0.03904
524288     0.072256
1048576     0.137504
2097152     0.269472
4194304     0.533376
8388608     1.0591

A new test: 

arrSizeN  time , threadsPerblock_local = 512
1024     0.004064
2048     0.004032
4096     0.004064
8192     0.005568
16384     0.004128
32768     0.005984
65536     0.009152
131072     0.01536
262144     0.038976
524288     0.074848
1048576     0.142496
2097152     0.280224
4194304     0.552736
8388608     1.09558