



arrSizeN time threadsPerblock=1
1024 0.008416
2048 0.011264
4096 0.0168
8192 0.028672
16384 0.054528
32768 0.102848
65536 0.198656
131072 0.397312
262144 0.941408
524288 1.83091
1048576 3.69107
2097152 7.50816
4194304 14.634
8388608 29.3791



arrSizeN time threadsPerblock=2
1024 0.006464
2048 0.008192
4096 0.010592
8192 0.016672
16384 0.029088
32768 0.0528
65536 0.10096
131072 0.204384
262144 0.466144
524288 0.919328
1048576 1.80838
2097152 3.62605
4194304 7.15366
8388608 14.4852



arrSizeN time threadsPerblock=4
1024 0.005568
2048 0.006144
4096 0.007712
8192 0.01024
16384 0.016512
32768 0.028736
65536 0.05296
131072 0.107168
262144 0.221472
524288 0.443072
1048576 0.883072
2097152 1.72045
4194304 3.59629
8388608 6.92886



arrSizeN time threadsPerblock=8
1024 0.00512
2048 0.005824
4096 0.006624
8192 0.008096
16384 0.01024
32768 0.016704
65536 0.028576
131072 0.059712
262144 0.12656
524288 0.24064
1048576 0.48128
2097152 0.9488
4194304 1.93645
8388608 3.74611



arrSizeN time threadsPerblock=16
1024 0.004352
2048 0.005536
4096 0.005792
8192 0.00624
16384 0.007776
32768 0.01024
65536 0.017472
131072 0.032576
262144 0.065536
524288 0.126464
1048576 0.247584
2097152 0.483264
4194304 0.956416
8388608 1.92365



arrSizeN time threadsPerblock=32
1024 0.005536
2048 0.005664
4096 0.005952
8192 0.006144
16384 0.006432
32768 0.008096
65536 0.010944
131072 0.02032
262144 0.038912
524288 0.070496
1048576 0.135584
2097152 0.263904
4194304 0.516672
8388608 1.03206



arrSizeN time threadsPerblock=64
1024 0.004416
2048 0.005472
4096 0.006144
8192 0.006048
16384 0.005088
32768 0.00624
65536 0.008096
131072 0.01328
262144 0.034016
524288 0.06144
1048576 0.118272
2097152 0.229472
4194304 0.4536
8388608 0.905792



arrSizeN time threadsPerblock=128
1024 0.005024
2048 0.005408
4096 0.005504
8192 0.006144
16384 0.00576
32768 0.00608
65536 0.006976
131072 0.010368
262144 0.03392
524288 0.061408
1048576 0.117824
2097152 0.22928
4194304 0.455232
8388608 0.90368



arrSizeN time threadsPerblock=256
1024 0.005664
2048 0.004128
4096 0.004544
8192 0.005088
16384 0.004736
32768 0.006016
65536 0.007552
131072 0.0104
262144 0.033984
524288 0.061728
1048576 0.116736
2097152 0.22944
4194304 0.453632
8388608 0.90512



arrSizeN time threadsPerblock=512
1024 0.005344
2048 0.005536
4096 0.004704
8192 0.00592
16384 0.006016
32768 0.00608
65536 0.006592
131072 0.010752
262144 0.034816
524288 0.061536
1048576 0.117952
2097152 0.229632
4194304 0.454656
8388608 0.905216