



arrSizeN time threadsPerblock=1
1024 0.010816
2048 0.01488
4096 0.028768
8192 0.054784
16384 0.105792
32768 0.203072
65536 0.403008
131072 0.768
262144 1.67011
524288 3.38525
1048576 6.67651
2097152 13.3316
4194304 26.6691
8388608 53.6116



arrSizeN time threadsPerblock=2
1024 0.006144
2048 0.011712
4096 0.015488
8192 0.028928
16384 0.05376
32768 0.106496
65536 0.20912
131072 0.379712
262144 0.841888
524288 1.68566
1048576 3.36
2097152 6.70269
4194304 13.4101
8388608 26.8284



arrSizeN time threadsPerblock=4
1024 0.004352
2048 0.007488
4096 0.008832
8192 0.015008
16384 0.029088
32768 0.05632
65536 0.10784
131072 0.19312
262144 0.425792
524288 0.85312
1048576 1.69242
2097152 3.37958
4194304 6.79126
8388608 13.494



arrSizeN time threadsPerblock=8
1024 0.004256
2048 0.004096
4096 0.007904
8192 0.009312
16384 0.015296
32768 0.029408
65536 0.055584
131072 0.103072
262144 0.234112
524288 0.45088
1048576 0.915712
2097152 1.82374
4194304 3.65827
8388608 7.28003



arrSizeN time threadsPerblock=16
1024 0.004096
2048 0.004096
4096 0.005664
8192 0.006048
16384 0.008864
32768 0.028672
65536 0.02928
131072 0.054528
262144 0.119072
524288 0.237088
1048576 0.4648
2097152 0.929888
4194304 1.85478
8388608 3.69446



arrSizeN time threadsPerblock=32
1024 0.003968
2048 0.004064
4096 0.005792
8192 0.004096
16384 0.013952
32768 0.010016
65536 0.016384
131072 0.030048
262144 0.065856
524288 0.127072
1048576 0.247328
2097152 0.490464
4194304 0.97056
8388608 1.95715



arrSizeN time threadsPerblock=64
1024 0.004
2048 0.003904
4096 0.005728
8192 0.004384
16384 0.004256
32768 0.006336
65536 0.009888
131072 0.016384
262144 0.038784
524288 0.073312
1048576 0.138912
2097152 0.272128
4194304 0.535776
8388608 1.06291



arrSizeN time threadsPerblock=128
1024 0.004096
2048 0.003936
4096 0.004
8192 0.005472
16384 0.00432
32768 0.00592
65536 0.008672
131072 0.015104
262144 0.038688
524288 0.073344
1048576 0.137472
2097152 0.269024
4194304 0.532096
8388608 1.05693



arrSizeN time threadsPerblock=256
1024 0.004032
2048 0.003936
4096 0.004096
8192 0.004928
16384 0.004288
32768 0.006048
65536 0.008192
131072 0.015936
262144 0.038784
524288 0.072384
1048576 0.137568
2097152 0.2696
4194304 0.534336
8388608 1.05872



arrSizeN time threadsPerblock=512
1024 0.003936
2048 0.004096
4096 0.002784
8192 0.006048
16384 0.004096
32768 0.006144
65536 0.0088
131072 0.016096
262144 0.04064
524288 0.075712
1048576 0.141888
2097152 0.280448
4194304 0.5528
8388608 1.09645