



arrSizeN  time , threadsPerblock_local = 1
1024 0.010496
2048 0.016384
4096 0.028736
8192 0.054432
16384 0.105184
32768 0.202848
65536 0.38192
131072 0.761856
262144 1.6695
524288 3.39565
1048576 6.68042
2097152 13.3406
4194304 26.6811
8388608 53.6449



arrSizeN  time , threadsPerblock_local = 2
1024 0.006048
2048 0.010336
4096 0.016384
8192 0.028672
16384 0.05504
32768 0.106592
65536 0.20896
131072 0.376704
262144 0.841728
524288 1.68368
1048576 3.35872
2097152 6.70298
4194304 13.4133
8388608 26.8276



arrSizeN  time , threadsPerblock_local = 4
1024 0.004352
2048 0.00736
4096 0.008864
8192 0.015968
16384 0.02912
32768 0.05616
65536 0.10816
131072 0.1944
262144 0.42576
524288 0.851968
1048576 1.69434
2097152 3.38454
4194304 6.79405
8388608 13.5024



arrSizeN  time , threadsPerblock_local = 8
1024 0.004384
2048 0.005184
4096 0.006528
8192 0.009856
16384 0.01632
32768 0.030304
65536 0.055584
131072 0.102688
262144 0.232416
524288 0.452896
1048576 0.911936
2097152 1.82528
4194304 3.64822
8388608 7.27891



arrSizeN  time , threadsPerblock_local = 16
1024 0.004032
2048 0.00416
4096 0.004288
8192 0.006144
16384 0.008768
32768 0.015936
65536 0.02928
131072 0.053248
262144 0.122272
524288 0.235616
1048576 0.462592
2097152 0.925376
4194304 1.85242
8388608 3.69952



arrSizeN  time , threadsPerblock_local = 32
1024 0.004064
2048 0.004096
4096 0.005888
8192 0.004384
16384 0.005888
32768 0.008896
65536 0.015968
131072 0.028928
262144 0.065664
524288 0.125888
1048576 0.246176
2097152 0.489472
4194304 0.971072
8388608 1.95584



arrSizeN  time , threadsPerblock_local = 64
1024 0.004096
2048 0.004128
4096 0.005088
8192 0.004032
16384 0.004256
32768 0.006112
65536 0.008608
131072 0.016384
262144 0.038912
524288 0.071936
1048576 0.139072
2097152 0.272192
4194304 0.537952
8388608 1.06275



arrSizeN  time , threadsPerblock_local = 128
1024 0.003904
2048 0.003904
4096 0.004
8192 0.004608
16384 0.015648
32768 0.00576
65536 0.008192
131072 0.015936
262144 0.038784
524288 0.07168
1048576 0.137824
2097152 0.268512
4194304 0.536576
8388608 1.05642



arrSizeN  time , threadsPerblock_local = 256
1024 0.004096
2048 0.003904
4096 0.003808
8192 0.005536
16384 0.004288
32768 0.00576
65536 0.008352
131072 0.014336
262144 0.039072
524288 0.072384
1048576 0.138336
2097152 0.27024
4194304 0.533216
8388608 1.0585



arrSizeN  time , threadsPerblock_local = 512
1024 0.004064
2048 0.004416
4096 0.003744
8192 0.005184
16384 0.004096
32768 0.006144
65536 0.008608
131072 0.01584
262144 0.040448
524288 0.0744
1048576 0.142016
2097152 0.278688
4194304 0.55312
8388608 1.09578