



arrSizeN time threadsPerblock=1
1024 0.006784
2048 0.008704
4096 0.014816
8192 0.027392
16384 0.052064
32768 0.09936
65536 0.199296
131072 0.396032
262144 0.938752
524288 1.86435
1048576 3.69782
2097152 7.46026
4194304 14.854
8388608 29.598



arrSizeN time threadsPerblock=2
1024 0.004352
2048 0.006784
4096 0.008736
8192 0.01472
16384 0.02672
32768 0.051168
65536 0.099584
131072 0.202496
262144 0.464512
524288 0.926272
1048576 1.80672
2097152 3.57562
4194304 7.10307
8388608 14.4559



arrSizeN time threadsPerblock=4
1024 0.003552
2048 0.00512
4096 0.005984
8192 0.008544
16384 0.01456
32768 0.026848
65536 0.05056
131072 0.10496
262144 0.226752
524288 0.457408
1048576 0.867136
2097152 1.71299
4194304 3.44288
8388608 7.04157



arrSizeN time threadsPerblock=8
1024 0.003296
2048 0.003456
4096 0.005248
8192 0.005728
16384 0.008512
32768 0.014464
65536 0.02624
131072 0.05792
262144 0.123968
524288 0.243744
1048576 0.474368
2097152 0.941824
4194304 1.91539
8388608 3.76077



arrSizeN time threadsPerblock=16
1024 0.003264
2048 0.003296
4096 0.00448
8192 0.004256
16384 0.00576
32768 0.008672
65536 0.014752
131072 0.03024
262144 0.064448
524288 0.122624
1048576 0.243872
2097152 0.482208
4194304 0.967008
8388608 1.90979



arrSizeN time threadsPerblock=32
1024 0.003136
2048 0.0032
4096 0.00432
8192 0.003648
16384 0.004096
32768 0.005728
65536 0.008736
131072 0.01776
262144 0.037024
524288 0.068288
1048576 0.132896
2097152 0.262016
4194304 0.5144
8388608 1.02838



arrSizeN time threadsPerblock=64
1024 0.00304
2048 0.003136
4096 0.004256
8192 0.003392
16384 0.003424
32768 0.004288
65536 0.005856
131072 0.010624
262144 0.046368
524288 0.059968
1048576 0.115936
2097152 0.227328
4194304 0.45376
8388608 0.902048



arrSizeN time threadsPerblock=128
1024 0.003072
2048 0.003136
4096 0.002912
8192 0.004224
16384 0.003424
32768 0.003808
65536 0.004928
131072 0.008192
262144 0.031808
524288 0.059744
1048576 0.115648
2097152 0.227232
4194304 0.453312
8388608 0.904288



arrSizeN time threadsPerblock=256
1024 0.00304
2048 0.00304
4096 0.002976
8192 0.004192
16384 0.003424
32768 0.003936
65536 0.004864
131072 0.008192
262144 0.03168
524288 0.06016
1048576 0.115808
2097152 0.227424
4194304 0.453664
8388608 0.90336



arrSizeN time threadsPerblock=512
1024 0.003136
2048 0.003136
4096 0.002912
8192 0.004192
16384 0.003424
32768 0.003968
65536 0.005376
131072 0.008608
262144 0.031936
524288 0.059968
1048576 0.115552
2097152 0.22752
4194304 0.453472
8388608 0.90256