

A new test: 

arrSizeN  time , threadsPerblock_local = 1
1024     3809
2048     2595
4096     2636
8192     2463
16384     4600
32768     5073
65536     7184
131072     10071
262144     19759
524288     37488
1048576     70986
2097152     137148
4194304     270312
8388608     541870

A new test: 

arrSizeN  time , threadsPerblock_local = 2
1024     2075
2048     3097
4096     2951
8192     2143
16384     4304
32768     5007
65536     4460
131072     8920
262144     11234
524288     20843
1048576     37252
2097152     70671
4194304     137583
8388608     271984

A new test: 

arrSizeN  time , threadsPerblock_local = 4
1024     2112
2048     2538
4096     1811
8192     2176
16384     3045
32768     2659
65536     4231
131072     4605
262144     7554
524288     12262
1048576     21361
2097152     38919
4194304     71514
8388608     138578

A new test: 

arrSizeN  time , threadsPerblock_local = 8
1024     1926
2048     2159
4096     2028
8192     2003
16384     1874
32768     2302
65536     3172
131072     5096
262144     5014
524288     8478
1048576     14340
2097152     21791
4194304     40076
8388608     76512

A new test: 

arrSizeN  time , threadsPerblock_local = 16
1024     1708
2048     3325
4096     2262
8192     1942
16384     1976
32768     2459
65536     2239
131072     4666
262144     4434
524288     6183
1048576     8361
2097152     13431
4194304     22553
8388608     40978

A new test: 

arrSizeN  time , threadsPerblock_local = 32
1024     2832
2048     2058
4096     2269
8192     2161
16384     4318
32768     2493
65536     2811
131072     3026
262144     3719
524288     5393
1048576     6060
2097152     8588
4194304     14325
8388608     23034

A new test: 

arrSizeN  time , threadsPerblock_local = 64
1024     1789
2048     3213
4096     2999
8192     1987
16384     2332
32768     2080
65536     2309
131072     2923
262144     3667
524288     4944
1048576     5222
2097152     6555
4194304     9143
8388608     14387

A new test: 

arrSizeN  time , threadsPerblock_local = 128
1024     2059
2048     2378
4096     1834
8192     1723
16384     2612
32768     2330
65536     2557
131072     3086
262144     3426
524288     4685
1048576     5296
2097152     6870
4194304     9183
8388608     14471

A new test: 

arrSizeN  time , threadsPerblock_local = 256
1024     2107
2048     2408
4096     2593
8192     3287
16384     2592
32768     2544
65536     2599
131072     3583
262144     3451
524288     4433
1048576     6934
2097152     6199
4194304     8938
8388608     14193

A new test: 

arrSizeN  time , threadsPerblock_local = 512
1024     1845
2048     2097
4096     2120
8192     1903
16384     2283
32768     2217
65536     2579
131072     3229
262144     3369
524288     4612
1048576     6303
2097152     7098
4194304     10411
8388608     15224