



arrSizeN time threadsPerblock_local=1
1024 0,413077
2048 0,597692
4096 0,438462
8192 0,39
16384 0,576154
32768 0,982692
65536 1,93615
131072 3,33615
262144 6,97154
524288 13,925
1048576 26,5608
2097152 52,3115
4194304 103,543
8388608 207,035



arrSizeN time threadsPerblock_local=2
1024 0,256538
2048 0,333462
4096 0,337308
8192 0,385385
16384 0,445385
32768 0,830385
65536 1,26923
131072 1,95423
262144 3,96077
524288 7,37269
1048576 13,8873
2097152 26,81
4194304 52,4888
8388608 104,191



arrSizeN time threadsPerblock_local=4
1024 0,316923
2048 0,197308
4096 0,193077
8192 0,218077
16384 0,321154
32768 0,575
65536 0,862308
131072 1,27538
262144 2,51115
524288 4,26538
1048576 7,50808
2097152 13,98
4194304 27,1319
8388608 52,7608



arrSizeN time threadsPerblock_local=8
1024 0,220769
2048 0,237308
4096 0,286154
8192 0,226154
16384 0,25
32768 0,371538
65536 0,556923
131072 0,923077
262144 1,46769
524288 2,66
1048576 4,53731
2097152 7,97962
4194304 15,05
8388608 28,9165



arrSizeN time threadsPerblock_local=16
1024 0,331923
2048 0,301923
4096 0,859615
8192 0,225385
16384 0,193846
32768 0,375769
65536 0,598462
131072 0,674615
262144 1,03192
524288 1,88269
1048576 2,73769
2097152 4,45808
4194304 7,99154
8388608 15,4469



arrSizeN time threadsPerblock_local=32
1024 0,343462
2048 0,193462
4096 0,295769
8192 0,186923
16384 0,195385
32768 0,400769
65536 0,391923
131072 0,577692
262144 0,83
524288 1,43885
1048576 2,12192
2097152 2,92846
4194304 4,71
8388608 8,505



arrSizeN time threadsPerblock_local=64
1024 0,217308
2048 0,194231
4096 0,201538
8192 0,188462
16384 0,189231
32768 0,315385
65536 0,488077
131072 0,600385
262144 0,809615
524288 1,30346
1048576 1,52462
2097152 1,89154
4194304 3,01808
8388608 5,03269



arrSizeN time threadsPerblock_local=128
1024 0,217308
2048 0,330769
4096 0,208846
8192 0,245769
16384 0,190385
32768 0,415385
65536 0,473846
131072 0,594231
262144 0,785385
524288 1,30462
1048576 1,52462
2097152 2,00346
4194304 3,05154
8388608 5,01346



arrSizeN time threadsPerblock_local=256
1024 0,329615
2048 0,303077
4096 0,215769
8192 0,329615
16384 0,191923
32768 0,321538
65536 0,490385
131072 0,566538
262144 0,811923
524288 1,15577
1048576 1,39538
2097152 1,89577
4194304 2,94423
8388608 5,06269



arrSizeN time threadsPerblock_local=512
1024 0,218462
2048 0,225769
4096 0,32
8192 0,275
16384 0,298077
32768 0,389615
65536 0,343462
131072 0,558846
262144 0,839231
524288 1,16538
1048576 1,42038
2097152 1,97308
4194304 3,125
8388608 5,06154