



arrSizeN time threadsPerblock_local=1
1024 0.336923
2048 0.246923
4096 0.389231
8192 0.301923
16384 0.630385
32768 0.750385
65536 1.05077
131072 1.90423
262144 4.34308
524288 8.24115
1048576 14.99
2097152 29.6892
4194304 57.8119
8388608 114.946



arrSizeN time threadsPerblock_local=2
1024 0.334615
2048 0.396923
4096 0.307308
8192 0.259231
16384 0.735385
32768 0.580385
65536 0.815385
131072 1.15731
262144 2.33038
524288 4.42423
1048576 7.80577
2097152 14.805
4194304 28.3519
8388608 56.6331



arrSizeN time threadsPerblock_local=4
1024 0.242692
2048 0.238462
4096 0.226154
8192 0.235385
16384 0.400769
32768 0.370769
65536 0.537692
131072 0.833077
262144 1.39308
524288 2.76885
1048576 4.25154
2097152 7.43577
4194304 14.1581
8388608 28.0262



arrSizeN time threadsPerblock_local=8
1024 0.243077
2048 0.222308
4096 0.206154
8192 0.216538
16384 0.263462
32768 0.413846
65536 0.516154
131072 0.739615
262144 1.13654
524288 2.01
1048576 2.84
2097152 4.49808
4194304 8.32308
8388608 15.3908



arrSizeN time threadsPerblock_local=16
1024 0.357308
2048 0.374231
4096 0.299231
8192 0.269615
16384 0.364231
32768 0.39
65536 0.463462
131072 0.616538
262144 0.911154
524288 1.47615
1048576 1.85846
2097152 2.78192
4194304 4.58923
8388608 8.21808



arrSizeN time threadsPerblock_local=32
1024 0.219231
2048 0.193462
4096 0.193077
8192 0.196538
16384 0.199615
32768 0.366154
65536 0.417308
131072 0.563077
262144 0.747692
524288 1.28385
1048576 1.39885
2097152 1.885
4194304 2.87269
8388608 4.87308



arrSizeN time threadsPerblock_local=64
1024 0.344231
2048 0.237692
4096 0.309615
8192 0.314615
16384 0.312308
32768 0.321538
65536 0.363846
131072 0.52
262144 0.791538
524288 1.22154
1048576 1.39962
2097152 1.90038
4194304 2.73808
8388608 4.46538



arrSizeN time threadsPerblock_local=128
1024 0.361923
2048 0.340769
4096 0.308077
8192 0.350769
16384 0.252692
32768 0.363462
65536 0.441538
131072 0.528846
262144 0.790769
524288 1.12808
1048576 1.54038
2097152 1.86962
4194304 2.76577
8388608 4.46731



arrSizeN time threadsPerblock_local=256
1024 0.355769
2048 0.354615
4096 0.377692
8192 0.346923
16384 0.335
32768 0.251538
65536 0.446923
131072 0.528462
262144 0.795
524288 1.25923
1048576 1.30038
2097152 1.97308
4194304 2.69423
8388608 4.35346



arrSizeN time threadsPerblock_local=512
1024 0.221154
2048 0.338846
4096 0.335769
8192 0.361923
16384 0.359615
32768 0.361923
65536 0.343462
131072 0.440769
262144 0.801154
524288 1.23077
1048576 1.31269
2097152 1.83846
4194304 2.77192
8388608 4.82846