

A new test: 

arrSizeN  time , threadsPerblock_local = 1
1024     867
2048     694
4096     1104
8192     1345
16384     1801
32768     2724
65536     4546
131072     8634
262144     18119
524288     36018
1048576     69253
2097152     135699
4194304     269059
8388608     538469

A new test: 

arrSizeN  time , threadsPerblock_local = 2
1024     687
2048     955
4096     614
8192     1067
16384     1132
32768     1793
65536     2853
131072     5151
262144     10250
524288     19409
1048576     36115
2097152     69349
4194304     136303
8388608     270812

A new test: 

arrSizeN  time , threadsPerblock_local = 4
1024     704
2048     523
4096     506
8192     564
16384     707
32768     1425
65536     2095
131072     3154
262144     5859
524288     11129
1048576     19171
2097152     36069
4194304     70470
8388608     137252

A new test: 

arrSizeN  time , threadsPerblock_local = 8
1024     569
2048     577
4096     506
8192     565
16384     751
32768     911
65536     1704
131072     2380
262144     4061
524288     7279
1048576     11354
2097152     20684
4194304     38860
8388608     75049

A new test: 

arrSizeN  time , threadsPerblock_local = 16
1024     663
2048     580
4096     893
8192     863
16384     930
32768     1215
65536     1570
131072     1809
262144     2884
524288     4943
1048576     6972
2097152     12224
4194304     20797
8388608     39555

A new test: 

arrSizeN  time , threadsPerblock_local = 32
1024     674
2048     544
4096     797
8192     512
16384     565
32768     1004
65536     944
131072     1603
262144     2480
524288     3893
1048576     4873
2097152     7358
4194304     12200
8388608     22191

A new test: 

arrSizeN  time , threadsPerblock_local = 64
1024     766
2048     695
4096     492
8192     620
16384     506
32768     967
65536     1288
131072     1460
262144     1806
524288     3292
1048576     4003
2097152     5328
4194304     7670
8388608     13102

A new test: 

arrSizeN  time , threadsPerblock_local = 128
1024     559
2048     506
4096     494
8192     737
16384     565
32768     1070
65536     1236
131072     1188
262144     2169
524288     3021
1048576     4021
2097152     4989
4194304     7899
8388608     13025

A new test: 

arrSizeN  time , threadsPerblock_local = 256
1024     554
2048     494
4096     633
8192     511
16384     639
32768     1139
65536     865
131072     1492
262144     2232
524288     2997
1048576     3957
2097152     5181
4194304     8424
8388608     13299

A new test: 

arrSizeN  time , threadsPerblock_local = 512
1024     1079
2048     502
4096     485
8192     488
16384     558
32768     955
65536     1151
131072     1394
262144     2092
524288     3662
1048576     3787
2097152     5388
4194304     7963
8388608     13437