



arrSizeN time threadsPerblock=512
1024 0.005216
2048 0.004096
4096 0.002944
8192 0.003776
16384 0.004064
32768 0.004832
65536 0.008192
131072 0.01616
262144 0.040416
524288 0.073824
1048576 0.14272
2097152 0.279392
4194304 0.555008
8388608 1.09402



arrSizeN time threadsPerblock=1024
1024 0.004096
2048 0.004128
4096 0.004
8192 0.003808
16384 0.004096
32768 0.005824
65536 0.008672
131072 0.0176
262144 0.042816
524288 0.079008
1048576 0.151456
2097152 0.29568
4194304 0.58336
8388608 1.15405



arrSizeN time threadsPerblock=2048
1024 0.001152
2048 0.000704
4096 0.001728
8192 0.001568
16384 0.001664
32768 0.001696
65536 0.000704
131072 0.002048
262144 0.00176
524288 0.001824
1048576 0.002048
2097152 0.001632
4194304 0.001568
8388608 0.000992



arrSizeN time threadsPerblock=4096
1024 0.000672
2048 0.001184
4096 0.001472
8192 0.001408
16384 0.001632
32768 0.000704
65536 0.0016
131072 0.000256
262144 0.001472
524288 0.001504
1048576 0.002048
2097152 0.000864
4194304 0.00176
8388608 0.001792



arrSizeN time threadsPerblock=8192
1024 0.001024
2048 0.001184
4096 0.001472
8192 0.001568
16384 0.001248
32768 0.001984
65536 0.001312
131072 0.002016
262144 0.000544
524288 0.001504
1048576 0.001888
2097152 0.001472
4194304 0.001792
8388608 0.001472



arrSizeN time threadsPerblock=16384
1024 0.00016
2048 0.000224
4096 0.001472
8192 0.00144
16384 0.001152
32768 0.00176
65536 0.001152
131072 0.00096
262144 0.001536
524288 0.00096
1048576 0.00064
2097152 0.002048
4194304 0.002048
8388608 0.001504



arrSizeN time threadsPerblock=32768
1024 0.002048
2048 0.001536
4096 0.001984
8192 0.001312
16384 0.000448
32768 0.001568
65536 0.001824
131072 0.00192
262144 0.001472
524288 0.001472
1048576 0.002048
2097152 0.001504
4194304 0.000704
8388608 0.001856



arrSizeN time threadsPerblock=65536
1024 0.001312
2048 0.000928
4096 0.001632
8192 0.001856
16384 0.00016
32768 0.000736
65536 0.00176
131072 0.000928
262144 0.001952
524288 0.002048
1048576 0.001504
2097152 0.001536
4194304 0.001888
8388608 0.002048



arrSizeN time threadsPerblock=131072
1024 0.001248
2048 0.001184
4096 0.001632
8192 0.001504
16384 0.001152
32768 0.002048
65536 0.001152
131072 0.001792
262144 0.001504
524288 0.002048
1048576 0.000704
2097152 0.001536
4194304 0.000992
8388608 0.001952



arrSizeN time threadsPerblock=262144
1024 0.000608
2048 0.00176
4096 0.001504
8192 0.001952
16384 0.00032
32768 0.001248
65536 0.000352
131072 0.002048
262144 0.001024
524288 0.001568
1048576 0.000576
2097152 0.001504
4194304 0.000896
8388608 0.002048



arrSizeN time threadsPerblock=524288
1024 0.001792
2048 0.0008
4096 0.001152
8192 0.000576
16384 0.001696
32768 0.001344
65536 0.001728
131072 0.00064
262144 0.001568
524288 0.002048
1048576 0.002048
2097152 0.002048
4194304 0.001824
8388608 0.000576



arrSizeN time threadsPerblock=1048576
1024 0.001472
2048 0.00176
4096 0.0008
8192 0.0016
16384 0.000512
32768 0.000928
65536 0.001248
131072 0.001792
262144 0.001504
524288 0.001664
1048576 0.002048
2097152 0.000832
4194304 0.001824
8388608 0.002048



arrSizeN time threadsPerblock=2097152
1024 0.000736
2048 0.001472
4096 0.001472
8192 0.00192
16384 0.000384
32768 0.0008
65536 0.001696
131072 0.000288
262144 0.001664
524288 0.001856
1048576 0.00064
2097152 0.000832
4194304 0.00176
8388608 0.001024



arrSizeN time threadsPerblock=4194304
1024 0.001408
2048 0.0016
4096 0.000704
8192 0.001504
16384 0.000928
32768 0.000832
65536 0.01392
131072 0.000832
262144 0.001568
524288 0.002048
1048576 0.0016
2097152 0.001888
4194304 0.001472
8388608 0.001472



arrSizeN time threadsPerblock=8388608
1024 0.001216
2048 0.000864
4096 0.000928
8192 0.002016
16384 0.001504
32768 0.000352
65536 0.002048
131072 0.000256
262144 0.002048
524288 0.000544
1048576 0.001632
2097152 0.001472
4194304 0.001472
8388608 0.001504



arrSizeN time threadsPerblock=16777216
1024 0.00096
2048 0.00096
4096 0.001728
8192 0.000544
16384 0.001952
32768 0.000736
65536 0.000192
131072 0.001184
262144 0.001504
524288 0.002048
1048576 0.002048
2097152 0.002048
4194304 0.000768
8388608 0.002048



arrSizeN time threadsPerblock=33554432
1024 0.001504
2048 0.00064
4096 0.001248
8192 0.000256
16384 0.000704
32768 0.001824
65536 0.000352
131072 0.002048
262144 0.002048
524288 0.002048
1048576 0.002048
2097152 0.002048
4194304 0.001632
8388608 0.001504



arrSizeN time threadsPerblock=67108864
1024 0.001344
2048 0.002048
4096 0.00096
8192 0.001792
16384 0.000832
32768 0.001312
65536 0.00048
131072 0.001376
262144 0.001504
524288 0.001504
1048576 0.001536
2097152 0.000768
4194304 0.001504
8388608 0.001984