



arrSizeN time threadsPerblock=512
1024 0.006464
2048 0.004064
4096 0.003872
8192 0.004064
16384 0.004128
32768 0.006016
65536 0.009344
131072 0.017504
262144 0.042528
524288 0.07904
1048576 0.15216
2097152 0.293952
4194304 0.578336
8388608 1.14877



arrSizeN time threadsPerblock=1024
1024 0.004096
2048 0.00544
4096 0.00416
8192 0.004032
16384 0.004192
32768 0.006496
65536 0.009504
131072 0.018176
262144 0.044672
524288 0.08416
1048576 0.160736
2097152 0.315488
4194304 0.61648
8388608 1.23066



arrSizeN time threadsPerblock=2048
1024 0.001472
2048 0.001696
4096 0.001248
8192 0.001184
16384 0.001184
32768 0.001184
65536 0.001152
131072 0.001152
262144 0.001472
524288 0.001536
1048576 0.001504
2097152 0.001504
4194304 0.001504
8388608 0.001504



arrSizeN time threadsPerblock=4096
1024 0.001216
2048 0.001152
4096 0.001472
8192 0.001184
16384 0.001184
32768 0.001152
65536 0.001184
131072 0.001184
262144 0.001536
524288 0.001472
1048576 0.001472
2097152 0.001504
4194304 0.001472
8388608 0.001472



arrSizeN time threadsPerblock=8192
1024 0.001152
2048 0.001184
4096 0.00192
8192 0.001184
16384 0.001504
32768 0.001152
65536 0.001248
131072 0.001248
262144 0.001504
524288 0.001536
1048576 0.001568
2097152 0.001472
4194304 0.001504
8388608 0.001536



arrSizeN time threadsPerblock=16384
1024 0.001472
2048 0.001152
4096 0.001504
8192 0.001184
16384 0.001152
32768 0.001184
65536 0.001152
131072 0.001152
262144 0.001504
524288 0.00176
1048576 0.001504
2097152 0.001504
4194304 0.001824
8388608 0.001504



arrSizeN time threadsPerblock=32768
1024 0.001152
2048 0.001152
4096 0.001504
8192 0.001216
16384 0.001152
32768 0.001152
65536 0.001152
131072 0.001152
262144 0.001504
524288 0.001888
1048576 0.001504
2097152 0.001472
4194304 0.001568
8388608 0.0016



arrSizeN time threadsPerblock=65536
1024 0.001152
2048 0.001152
4096 0.001472
8192 0.001504
16384 0.001152
32768 0.001152
65536 0.001152
131072 0.001152
262144 0.001632
524288 0.001504
1048576 0.001664
2097152 0.001504
4194304 0.001504
8388608 0.001504



arrSizeN time threadsPerblock=131072
1024 0.001152
2048 0.001184
4096 0.001152
8192 0.001472
16384 0.001216
32768 0.001568
65536 0.001152
131072 0.001152
262144 0.001504
524288 0.00208
1048576 0.001504
2097152 0.001536
4194304 0.001504
8388608 0.001504



arrSizeN time threadsPerblock=262144
1024 0.001184
2048 0.001184
4096 0.001152
8192 0.001472
16384 0.001152
32768 0.001184
65536 0.001184
131072 0.001184
262144 0.001504
524288 0.001472
1048576 0.001504
2097152 0.001536
4194304 0.001472
8388608 0.001568



arrSizeN time threadsPerblock=524288
1024 0.001152
2048 0.001184
4096 0.001184
8192 0.001504
16384 0.001216
32768 0.001152
65536 0.001248
131072 0.001152
262144 0.001504
524288 0.0016
1048576 0.001504
2097152 0.001504
4194304 0.001568
8388608 0.001504



arrSizeN time threadsPerblock=1048576
1024 0.001184
2048 0.001152
4096 0.001376
8192 0.001792
16384 0.00128
32768 0.001184
65536 0.001184
131072 0.001152
262144 0.001472
524288 0.001504
1048576 0.001504
2097152 0.001504
4194304 0.001472
8388608 0.001504



arrSizeN time threadsPerblock=2097152
1024 0.001152
2048 0.001408
4096 0.001184
8192 0.001472
16384 0.001152
32768 0.001152
65536 0.001152
131072 0.001152
262144 0.001504
524288 0.001472
1048576 0.001504
2097152 0.001504
4194304 0.001504
8388608 0.001504



arrSizeN time threadsPerblock=4194304
1024 0.001184
2048 0.001152
4096 0.001216
8192 0.001472
16384 0.001152
32768 0.001152
65536 0.001184
131072 0.001184
262144 0.001504
524288 0.001536
1048576 0.001504
2097152 0.001536
4194304 0.001504
8388608 0.001472



arrSizeN time threadsPerblock=8388608
1024 0.001184
2048 0.001152
4096 0.001152
8192 0.001568
16384 0.001568
32768 0.001184
65536 0.001152
131072 0.001152
262144 0.001504
524288 0.001568
1048576 0.001504
2097152 0.001504
4194304 0.001504
8388608 0.001504



arrSizeN time threadsPerblock=16777216
1024 0.001152
2048 0.001184
4096 0.001184
8192 0.001152
16384 0.001504
32768 0.001216
65536 0.001216
131072 0.001184
262144 0.0016
524288 0.001504
1048576 0.001472
2097152 0.001504
4194304 0.001504
8388608 0.001472



arrSizeN time threadsPerblock=33554432
1024 0.001152
2048 0.001152
4096 0.001152
8192 0.001184
16384 0.001504
32768 0.001152
65536 0.001152
131072 0.001184
262144 0.001504
524288 0.001504
1048576 0.001504
2097152 0.001504
4194304 0.001504
8388608 0.001856



arrSizeN time threadsPerblock=67108864
1024 0.001344
2048 0.001152
4096 0.001184
8192 0.001184
16384 0.001472
32768 0.001152
65536 0.001152
131072 0.001152
262144 0.001504
524288 0.001504
1048576 0.001504
2097152 0.001504
4194304 0.00192
8388608 0.001568